name: about-graphs
channels:
  - conda-forge
dependencies:
  - _openmp_mutex=4.5=2_gnu
  - bzip2=1.0.8=h0ad9c76_8
  - ca-certificates=2026.1.4=h4c7d964_0
  - cairo=1.18.4=h5782bbf_0
  - font-ttf-dejavu-sans-mono=2.37=hab24e00_0
  - font-ttf-inconsolata=3.000=h77eed37_0
  - font-ttf-source-code-pro=2.038=h77eed37_0
  - font-ttf-ubuntu=0.83=h77eed37_3
  - fontconfig=2.15.0=h765892d_1
  - fonts-conda-ecosystem=1=0
  - fonts-conda-forge=1=hc364b38_1
  - freetype=2.14.1=h57928b3_0
  - fribidi=1.0.16=hfd05255_0
  - getopt-win32=0.1=h6a83c73_3
  - graphite2=1.3.14=hac47afa_2
  - gts=0.7.6=h6b5321d_4
  - harfbuzz=12.1.0=h5f2951f_0
  - icu=75.1=he0c23c2_0
  - lerc=4.0.0=h6470a55_1
  - libdeflate=1.25=h51727cc_0
  - libexpat=2.7.3=hac47afa_0
  - libffi=3.4.6=h537db12_1
  - libfreetype=2.14.1=h57928b3_0
  - libfreetype6=2.14.1=hdbac1cb_0
  - libgcc=15.2.0=h8ee18e1_17
  - libgd=2.3.3=h7208af6_11
  - libglib=2.86.0=h5f26cbf_0
  - libgomp=15.2.0=h8ee18e1_17
  - libiconv=1.18=hc1393d2_2
  - libintl=0.22.5=h5728263_3
  - libjpeg-turbo=3.1.2=hfd05255_0
  - liblzma=5.8.2=hfd05255_0
  - libpng=1.6.54=h7351971_0
  - libsqlite=3.51.2=hf5d6505_0
  - libtiff=4.7.1=h8f73337_1
  - libwebp-base=1.6.0=h4d5522a_0
  - libwinpthread=12.0.0.r4.gg4f2fc60ca=h57928b3_10
  - libxcb=1.17.0=h0e4246c_0
  - libzlib=1.3.1=h2466b09_2
  - openssl=3.6.1=hf411b9b_1
  - packaging=26.0=pyhcf101f3_0
  - pango=1.56.4=h03d888a_0
  - pcre2=10.46=h3402e2f_0
  - pip=26.0.1=pyh8b19718_0
  - pixman=0.46.4=h5112557_1
  - pthread-stubs=0.4=h0e40799_1002
  - python=3.12.10=h3f84c4b_0_cpython
  - setuptools=80.10.2=pyh332efcf_0
  - tk=8.6.13=h6ed50ae_3
  - tzdata=2025c=hc9c84f9_1
  - ucrt=10.0.26100.0=h57928b3_0
  - vc=14.3=h41ae7f8_34
  - vc14_runtime=14.44.35208=h818238b_34
  - vcomp14=14.44.35208=h818238b_34
  - wheel=0.46.3=pyhd8ed1ab_0
  - xorg-libice=1.1.2=h0e40799_0
  - xorg-libsm=1.2.6=h0e40799_0
  - xorg-libx11=1.8.12=hf48077a_0
  - xorg-libxau=1.0.12=hba3369d_1
  - xorg-libxdmcp=1.1.5=hba3369d_1
  - xorg-libxext=1.3.7=hba3369d_0
  - xorg-libxpm=3.5.18=hba3369d_0
  - xorg-libxt=1.3.1=h0e40799_0
  - zstd=1.5.7=h534d264_6
  - pip:
      - graphviz==0.21
prefix: C:\Users\juanp\miniforge3\envs\about-graphs
